[gd_scene load_steps=4 format=2]

[ext_resource path="res://Scenes/Roll/Wall.tscn" type="PackedScene" id=1]
[ext_resource path="res://Scenes/Roll/Dice.tscn" type="PackedScene" id=2]

[sub_resource type="GDScript" id=1]
script/source = "extends Spatial

func roll():
	get_tree().call_group(\"dices\", \"run\")
"

[node name="Roll" type="Spatial"]
transform = Transform( 1, 0, 0, 0, 1, 0, 0, 0, 1, -0.00350904, 0.00304127, -0.000781834 )
script = SubResource( 1 )

[node name="Camera" type="Camera" parent="."]
transform = Transform( 1, 0, 0, 0, -4.37114e-08, 1, 0, -1, -4.37114e-08, 0, 12.6772, 0 )
fov = 45.4

[node name="Sun" type="DirectionalLight" parent="."]
transform = Transform( 0.351865, 0.790789, -0.500843, -0.0749619, 0.557147, 0.827024, 0.933044, -0.253457, 0.255319, -1.67826, 8.05445, 3.18227 )
light_specular = 1.0
shadow_enabled = true

[node name="Sun2" type="DirectionalLight" parent="."]
transform = Transform( 0.00752211, 0, 0.999972, 0, 1, 0, -0.999972, 0, 0.00752211, 3.63787, 2.23112, 5.94882e-08 )
light_energy = 0.2

[node name="OmniLight" type="OmniLight" parent="."]
transform = Transform( 1, 0, 0, 0, 1, 0, 0, 0, 1, -1.6986, 11.1202, 1.71452 )
omni_range = 17.0647

[node name="Ground" parent="." instance=ExtResource( 1 )]
transform = Transform( 8, 0, 0, 0, 1, 0, 0, 0, 5, 0, 0, 0 )

[node name="Ceiling" parent="." instance=ExtResource( 1 )]
transform = Transform( -8, -1.50996e-07, 0, 1.20797e-06, -1, 0, 0, 0, 5, -4.65661e-09, 10.0731, 0 )

[node name="Wall_front" parent="." instance=ExtResource( 1 )]
transform = Transform( 8, 0, 0, 0, -4.37114e-08, -5, 0, 1, -2.18557e-07, 0, 5, -5 )

[node name="Wall_right" parent="." instance=ExtResource( 1 )]
transform = Transform( -2.18557e-07, -1, 2.18557e-07, 0, -4.37114e-08, -5, 5, -4.37114e-08, 9.55343e-15, 8, 5, 0 )

[node name="Wall_left" parent="." instance=ExtResource( 1 )]
transform = Transform( -2.18557e-07, 1, -2.18557e-07, 0, -4.37114e-08, -5, -5, -4.37114e-08, 9.55343e-15, -8, 5, 0 )

[node name="Wall_back" parent="." instance=ExtResource( 1 )]
transform = Transform( 8, 0, 0, 0, -4.37114e-08, 5, 0, -1, -2.18557e-07, 0, 5, 5 )

[node name="Dice" parent="." instance=ExtResource( 2 )]
transform = Transform( 0.924215, -0.246544, 0.29162, 0.251784, 0.967576, 0.0200499, -0.287107, 0.0548947, 0.956324, 0.514496, 4.22112, -0.0011235 )
linear_velocity = Vector3( 0, -13.65, -28.19 )

[node name="Dice2" parent="." instance=ExtResource( 2 )]
transform = Transform( 0.351148, 0.366529, -0.861597, -0.935766, 0.169009, -0.309479, 0.0321858, 0.914927, 0.402334, 0.811492, 6.70582, -1.3734 )
linear_velocity = Vector3( 0, 0, 14 )

[node name="Dice3" parent="." instance=ExtResource( 2 )]
transform = Transform( -0.174459, 0.414413, -0.893211, -0.484882, -0.82567, -0.288372, -0.857003, 0.382792, 0.344986, -0.694922, 6.70001, 0.444001 )

[node name="Dice4" parent="." instance=ExtResource( 2 )]
transform = Transform( -0.650118, -0.417718, 0.634712, -0.736468, 0.55197, -0.39108, -0.186981, -0.721693, -0.666482, 0.918951, 1.50985, 0.444001 )

[node name="Dice5" parent="." instance=ExtResource( 2 )]
transform = Transform( 1, 0, 0, 0, 1, 0, 0, 0, 1, 7.21473, 0.57323, 4.31565 )
